         Mean_Achat  Median_Achat  Total_Achat  Mean_Vente  Median_Vente  Total_Vente
cluster                                                                              
0          0.037013           0.0         56.0    2.788500           2.0       4219.0
1          1.514908           0.0       2642.0    2.733372           1.0       4767.0
2          0.006098           0.0          8.0    3.840701           2.0       5039.0
3          0.539302           0.0       1036.0    2.953670           1.0       5674.0
4          0.042931           0.0         58.0    2.821614           1.0       3812.0
5          0.248844           0.0        592.0    3.087852           2.0       7346.0
6          0.004673           0.0          6.0    3.112150           1.0       3996.0
7          0.063683           0.0        148.0    2.934165           1.0       6819.0
8          0.336192           0.0        392.0    2.082333           1.0       2428.0
9          0.014286           0.0         36.0    2.067063           1.0       5209.0